Perplexity values for G1:
Perplexity1:  999.9999999999519
Perplexity2:  798.2662504515549
Perplexity3:  771.3194538995909
Perplexity4:  743.4927338318936
Perplexity5:  729.1738195727852
Perplexity6:  720.8176174344411
Perplexity7:  715.6905187078779
Perplexity8:  712.7680275971063
Perplexity9:  711.100516190554
Perplexity10: 710.2221171078902
Perplexity11: 709.8146731764484
Perplexity12: 709.689162753706

Perplexity values for G2:
Perplexity1:  999.9999999999519
Perplexity2:  677.3290182840374
Perplexity3:  686.5594414086532
Perplexity4:  660.733195757045
Perplexity5:  649.7565781775842
Perplexity6:  642.8232905703524
Perplexity7:  638.841603193604
Perplexity8:  636.4028392383478
Perplexity9:  634.8992447281352
Perplexity10: 633.9426809304073
Perplexity11: 633.3257818733335
Perplexity12: 632.9194953059061
